平实	0.38686326778	0.060355490594	0.552781241626	other
游乐园	0.345549970615	0.125069131134	0.529380898252	other
打场	0.340007743288	0.348327527579	0.311664729133	other
涉	0.109866443052	0.152488595723	0.737644961225	other
今早就	0.396659050762	0.347376582145	0.255964367093	other
骑电动车	0.155450547025	0.554084576107	0.290464876869	other
独善其身	0.198301500194	0.102368865233	0.699329634573	other
第九	0.25288159926	0.113029375733	0.634089025007	other
小腿	0.188828675401	0.199593956327	0.611577368272	other
平安	0.538220360492	0.159812879529	0.301966759979	va
蝶泳	0.312405137002	0.122775499413	0.564819363585	other
探究	0.24433619651	0.133306728623	0.622357074867	other
小腹	0.130271776705	0.073807477748	0.795920745547	other
俗话	0.161152746633	0.165756294089	0.673090959278	other
让座	0.358642446987	0.519442362697	0.121915190316	other
星期一	0.25077594163	0.422480505033	0.326743553337	other
身正	0.228322103147	0.303223653416	0.468454243437	other
价格公道	0.524784442478	0.114174709228	0.361040848295	other
贴纸	0.49482733292	0.195838751223	0.309333915856	other
战衣	0.545045292849	0.160271962597	0.294682744555	other
俗语	0.199617959309	0.22992176396	0.570460276731	other
纸币	0.223727482132	0.215603405943	0.560669111925	other
一秒变	0.362649393273	0.250440993926	0.3869096128	other
河	0.240545684565	0.164865056421	0.594589259014	other
幸运星	0.36474739819	0.126784002093	0.508468599717	other
无处发泄	0.0756882210527	0.524990931558	0.399320847389	other
回笼觉	0.362256127191	0.247652995614	0.390090877195	other
湖边	0.481910888876	0.113365120857	0.404723990267	other
追随	0.406671653751	0.0846048298869	0.508723516362	other
窦唯	0.312016847028	0.130689806481	0.557293346491	other
第二	0.292222878066	0.228724303376	0.479052818558	other
卤煮	0.326683709101	0.16076051737	0.512555773529	other
禁言	0.119200849372	0.339770842064	0.541028308564	other
巾帼	0.568179369342	0.125458283917	0.306362346742	other
好色	0.166501599679	0.242823237023	0.590675163298	va
骚包	0.284960932288	0.417911351982	0.297127715731	other
凳子	0.258634244096	0.573207391444	0.16815836446	other
反	0.214012456448	0.389467200336	0.396520343215	other
服务队	0.460797273779	0.100253343064	0.438949383157	other
困境	0.184767869074	0.0506097056358	0.76462242529	other
势利	0.161291595871	0.445782153278	0.392926250851	other
小脸	0.428154790353	0.21475364118	0.357091568467	other
物管	0.135106363644	0.658972782717	0.205920853639	other
体院	0.401755543055	0.227313045276	0.370931411669	other
应以	0.101563452882	0.135202318902	0.763234228216	other
霎时	0.307129755528	0.20050014636	0.492370098113	other
看似	0.324421562807	0.184165545663	0.491412891529	other
升起	0.36733782767	0.11453857821	0.51812359412	other
当晚	0.273724820457	0.14699480522	0.579280374324	other
应付	0.172792903604	0.306224708773	0.520982387624	other
红月亮	0.486512577084	0.116248473764	0.397238949152	other
二郎	0.29277491321	0.129154909287	0.578070177503	other
世纪	0.230824394471	0.212946437631	0.556229167898	other
彪	0.296926491237	0.506309512268	0.196763996495	other
多多指教	0.624287005399	0.0852841973198	0.290428797281	other
第五	0.228447387738	0.120108713779	0.651443898483	other
失散多年	0.51890881381	0.282486230725	0.198604955465	other
有理有据	0.566857777921	0.193150570782	0.239991651297	other
希罕	0.399145191783	0.26173929316	0.339115515057	other
小脚	0.385227644743	0.247809600361	0.366962754897	other
迷迷糊糊	0.253342238544	0.444230978964	0.302426782492	other
小脑	0.28129557264	0.443090033143	0.275614394217	other
公费	0.195493303078	0.369983254065	0.434523442856	other
揣摩	0.264754413162	0.192463991675	0.542781595164	other
应为	0.136622587502	0.184764884927	0.678612527571	other
挺强	0.54169704696	0.142961408712	0.315341544327	other
第一	0.426468792603	0.194695849554	0.378835357843	other
够气	0.361585376147	0.293973181053	0.3444414428	other
不景气	0.162214090573	0.258324676842	0.579461232585	other
知法犯法	0.13984195442	0.625078760973	0.235079284607	other
代金券	0.265085372334	0.133684111964	0.601230515702	other
应	0.165527457416	0.166110365803	0.668362176781	other
空空	0.270146680268	0.238952824144	0.490900495588	other
外套	0.347475177395	0.239753795481	0.412771027124	other
圆月	0.420837743241	0.101395841553	0.477766415207	other
审核	0.1868761753	0.362848639731	0.450275184968	other
二逼	0.166130295242	0.637017765143	0.196851939615	va
婚戒	0.281428348393	0.135486952245	0.583084699362	other
高级黑	0.443688926755	0.281332534622	0.274978538624	other
阿杜	0.546526073208	0.165134140709	0.288339786083	other
死刑	0.0700425559056	0.752033146598	0.177924297496	other
热烈欢迎	0.756890068702	0.0866130562496	0.156496875049	other
以迅	0.255038524605	0.426094427188	0.318867048207	other
公路	0.180799993879	0.169383909802	0.649816096319	other
胜似	0.233714342362	0.235391130691	0.530894526947	other
赶去	0.293607192792	0.518838447954	0.187554359254	other
二选	0.164287535576	0.236702374433	0.599010089991	other
卫生部	0.0817194632457	0.308077131033	0.610203405721	other
金星	0.364544002936	0.133169512912	0.502286484153	other
缔造	0.277628598338	0.0706532728274	0.651718128835	other
陆两	0.287995581287	0.124131322212	0.587873096501	other
须眉	0.538375712893	0.0868495959992	0.374774691108	other
太假	0.0927406021246	0.828023502172	0.0792358957032	va
五百万	0.277174675298	0.342617910448	0.380207414254	other
明确	0.19683411428	0.131456958694	0.671708927026	va
战袍	0.507693902523	0.140153798278	0.352152299199	other
第三	0.258346972743	0.186980553578	0.554672473679	other
咣	0.175428170333	0.482198989756	0.342372839911	other
颗星星	0.286864062311	0.150995097615	0.562140840074	other
彩虹糖	0.353176335547	0.188053979854	0.458769684599	other
china	0.42059782836	0.27981260715	0.29958956449	other
抠鼻	0.193079432862	0.475855725829	0.331064841309	other
唯一	0.378243990627	0.224261588123	0.39749442125	other
医术	0.301973322441	0.397295624838	0.300731052721	other
没法儿	0.157238164451	0.627855800676	0.214906034873	other
速腾	0.257686768692	0.257362270795	0.484950960514	other
喜怒哀乐	0.222140161573	0.0720365285703	0.705823309857	other
kids	0.409037373711	0.147575095652	0.443387530637	other
势力	0.193732805761	0.49913737076	0.307129823479	other
后才	0.218336876805	0.350428545199	0.431234577996	other
开工	0.406254275162	0.246358751502	0.347386973336	other
神灵	0.269530053802	0.14145349375	0.589016452448	other
保级	0.277152598672	0.376331786958	0.34651561437	other
外头	0.210775945484	0.472199251089	0.317024803426	other
身段	0.382373841061	0.121953558671	0.495672600268	other
神灯	0.415364875614	0.188964042305	0.395671082081	other
穿凉鞋	0.249940855766	0.331348527682	0.418710616552	other
机取	0.281750774747	0.357308181302	0.360941043952	other
潮阳	0.407122954551	0.22191884467	0.37095820078	other
含金量	0.372882700565	0.191186192106	0.435931107329	other
困难户	0.176753196672	0.303696586778	0.519550216551	other
古剑	0.343518981536	0.247441475403	0.409039543061	other
煲仔	0.569628585892	0.209644369873	0.220727044235	other
golden	0.377647709251	0.119953688962	0.502398601787	other
保罗	0.3833113785	0.17743924108	0.43924938042	other
开封	0.303560938933	0.194820872881	0.501618188186	other
看书	0.391768336226	0.270686650941	0.337545012834	other
熏陶	0.472525282197	0.155814905093	0.37165981271	other
可恶	0.0274093699822	0.958036731471	0.0145538985469	va
兼顾	0.282400659004	0.0899067055824	0.627692635414	other
时至今日	0.193957159916	0.287519969055	0.51852287103	other
上	0.294025624826	0.352471825353	0.353502549822	other
半夜三点	0.158602314439	0.595888679575	0.245509005986	other
武器	0.256810226632	0.222997337599	0.520192435769	other
胜于	0.337769860444	0.116645408502	0.545584731054	other
机制	0.136440813969	0.132746809874	0.730812376157	other
淳朴	0.547308149185	0.177833395869	0.274858454946	va
猛于	0.12500440024	0.517762989026	0.357232610734	other
夜奶	0.365244131302	0.217243799265	0.417512069433	other
dnf	0.245120225669	0.443548731436	0.311331042895	other
dna	0.221865872063	0.17746514852	0.600668979418	other
留住	0.367367380975	0.138892264289	0.493740354736	other
拔牙	0.239936753018	0.307654686669	0.452408560313	other
份额	0.0925072702509	0.045437501911	0.862055227838	other
挂断	0.123590418737	0.585545753752	0.290863827511	other
付出代价	0.214109225117	0.469028053822	0.316862721061	other
其母	0.170218656857	0.284374302071	0.545407041072	other
枯	0.154438837554	0.120819356383	0.724741806063	other
外壳	0.265939591021	0.149451484344	0.584608924634	other
music	0.61945824314	0.0990174257449	0.281524331115	other
小聚	0.743211274891	0.0987808606533	0.158007864456	other
库里	0.270293075818	0.306114733672	0.42359219051	other
安睡	0.358221478805	0.171878336726	0.469900184469	other
后排	0.19342746127	0.346843601588	0.459728937142	other
校队	0.46506496245	0.235432123596	0.299502913954	other
胜仗	0.397407537173	0.180762714012	0.421829748815	other
开局	0.412270058193	0.173778671564	0.413951270242	other
潮鞋	0.537142001915	0.116239882867	0.346618115218	other
黑头	0.227492303799	0.0972638731989	0.675243823002	other
生存能力	0.203506426355	0.127685102696	0.668808470949	other
岗位	0.223623235037	0.11310828577	0.663268479193	other
太冷	0.272316359694	0.400014217864	0.327669422442	va
气色	0.323808395266	0.180243399778	0.495948204957	other
yahoo	0.294828687794	0.193623270643	0.511548041563	other
手脚冰凉	0.152877604042	0.152783260924	0.694339135034	other
一切皆	0.423104757636	0.151381899698	0.425513342666	other
pujie	0.117779180451	0.545636154992	0.336584664557	other
领土主权	0.215310877808	0.411109947472	0.37357917472	other
蜜蜂	0.241423885026	0.202375757456	0.556200357517	other
吸	0.183223742293	0.342962442714	0.473813814993	other
体面	0.247917278325	0.158929849802	0.593152871873	other
瞪大	0.202215198616	0.354741502256	0.443043299128	other
后援	0.507486670412	0.202458278987	0.290055050601	other
多疑	0.0522163728266	0.0804314693933	0.86735215778	va
郁郁葱葱	0.354612277006	0.101613785993	0.543773937001	other
奥运会	0.238420923117	0.564691643354	0.19688743353	other
冻脚	0.185319456073	0.483681430166	0.330999113761	other
票子	0.285567604316	0.272574890847	0.441857504837	other
胜任	0.238112069433	0.10268531513	0.659202615438	other
刷粉	0.121030036838	0.656621856337	0.222348106825	other
裱	0.307505416482	0.23135429967	0.461140283848	other
革	0.236708500281	0.286303187585	0.476988312134	other
规规矩	0.230132695281	0.420483263618	0.349384041102	other
走私	0.164063736419	0.256036867944	0.579899395637	other
[怒骂]	0.0510423851936	0.92330805881	0.0256495559962	other
安眠	0.20040579904	0.164404823442	0.635189377518	other
长情	0.363336769045	0.226160914188	0.410502316767	other
双层巴士	0.34433681096	0.136312933149	0.519350255891	other
够淡	0.549798479999	0.177861527899	0.272339992102	other
贫血	0.0441995558816	0.0656034509877	0.890196993131	other
机动	0.214005600707	0.123452966769	0.662541432524	other
wang	0.536265141482	0.0966648645652	0.367069993953	other
张家辉	0.703969793187	0.0842642154041	0.211765991409	other
舒爽	0.505108663692	0.134021466349	0.360869869959	other
百米	0.324284159641	0.313083773455	0.362632066905	other
又胖	0.180533024338	0.577833507599	0.241633468063	other
机务	0.478618805676	0.196823746557	0.324557447766	other
国耻	0.0878502642926	0.768689737697	0.143459998011	other
太公	0.37788608749	0.217148467286	0.404965445223	va
文化大革命	0.161658487653	0.361457686685	0.476883825662	other
明示	0.206284057706	0.391777041384	0.40193890091	other
暴发户	0.167627676365	0.644513611259	0.187858712375	other
want	0.410942287347	0.293396514545	0.295661198108	other
蒙牛牛奶	0.21848362861	0.365267146555	0.416249224835	other
德国	0.286344926041	0.145621940164	0.568033133795	other
财气	0.246594775434	0.0848353788704	0.668569845696	other
日文歌	0.398462098773	0.271911564904	0.329626336323	other
虚伪	0.11822524368	0.598557759663	0.283216996657	va
travel	0.387067594302	0.138869663067	0.474062742631	other
事在人为	0.339873458773	0.10130971009	0.558816831137	other
国者	0.149398109672	0.323200497328	0.527401393	other
高低杠	0.151062803083	0.713259651922	0.135677544995	other
阳台上	0.409542823546	0.304885623494	0.28557155296	other
国考	0.37939969915	0.207559008195	0.413041292655	other
某个角落	0.297700019603	0.30659984387	0.395700136526	other
小胖	0.652406189399	0.207907779443	0.139686031158	other
气节	0.387791212653	0.178559702767	0.43364908458	other
汗出	0.243050565203	0.137458938855	0.619490495942	other
又肚	0.140026137498	0.478868019722	0.381105842779	other
其次	0.17257510099	0.152847724863	0.674577174147	other
脑后	0.395288673148	0.212981232488	0.391730094363	other
拂	0.323380546439	0.135963731372	0.540655722189	other
贴罚	0.156663731863	0.653921602558	0.189414665579	other
以身	0.357261791742	0.237147958162	0.405590250096	other
豉	0.247428068947	0.108489851218	0.644082079835	other
通往	0.310072573531	0.112923555996	0.577003870473	other
克	0.134998932709	0.198288088736	0.666712978555	other
行李箱	0.312356997502	0.46580312225	0.221839880248	other
羊角	0.28867422326	0.175100651473	0.536225125267	other
小肠	0.0667529859625	0.0589118658221	0.874335148215	other
柏拉图	0.277469048094	0.0922452897524	0.630285662153	other
wrong	0.221383873182	0.512232109548	0.266384017269	other
喝奶茶	0.518334792308	0.283466228015	0.198198979676	other
胜之	0.173079304105	0.373519797566	0.453400898329	other
骚动	0.272982188096	0.375964866585	0.351052945319	other
北韩	0.121912050388	0.305724051677	0.572363897935	other
错误	0.155560571657	0.354689566848	0.489749861495	va
脑袋里	0.169318510118	0.377434567806	0.453246922076	other
谁先	0.253128136618	0.376961873173	0.369909990209	other
悲剧	0.133938149011	0.636663184607	0.229398666382	va
通常	0.178290245139	0.161530998742	0.660178756118	other
小肚	0.240935494962	0.297875371647	0.461189133391	other
缓和	0.183603455173	0.128272396905	0.688124147923	other
[bofu啃西瓜]	0.138136139068	0.391682582889	0.470181278042	other
遮阳	0.251934301865	0.192661933643	0.555403764493	other
多田	0.419905020628	0.146766018241	0.433328961131	other
嘤嘤嘤	0.567704239999	0.137320736008	0.294975023993	other
白云山	0.43850269603	0.1909464573	0.370550846671	other
司仪	0.414505003293	0.213869604623	0.371625392085	other
开开	0.378587572072	0.433880922952	0.187531504976	other
集结	0.413163855106	0.138161307142	0.448674837752	other
须知	0.101373600717	0.0709079698454	0.827718429438	other
依依	0.376848290334	0.123450585275	0.499701124391	other
后患	0.174854220661	0.325454331479	0.49969144786	other
酸豆角	0.302638144603	0.14295975857	0.554402096827	other
归来	0.651130764106	0.116135700248	0.232733535646	other
通州	0.193434820062	0.195586375422	0.610978804516	other
纸尿	0.300881309151	0.269195362617	0.429923328232	other
小荷	0.433103289095	0.13513902026	0.431757690644	other
老爷车	0.262547559328	0.201525305988	0.535927134684	other
理儿	0.531432136069	0.186017974848	0.282549889083	other
汇演	0.523707921221	0.1328028363	0.34348924248	other
公车	0.178268185224	0.611959215867	0.20977259891	other
开张	0.59818972944	0.201032083124	0.200778187436	other
好耐	0.750230743656	0.219561163734	0.0302080926097	other
fit	0.597951224113	0.17916165476	0.222887121127	other
赏月	0.567583445001	0.16420894866	0.268207606339	other
披	0.287389144979	0.284856018821	0.4277548362	other
收紧	0.0719030377473	0.0617419150709	0.866355047182	other
劳动人民	0.497327121383	0.306406168044	0.196266710573	other
思春	0.253169026291	0.264500047514	0.482330926195	other
某某某	0.217089574975	0.583772905031	0.199137519994	other
物种	0.220501932817	0.470261878815	0.309236188368	other
好耍	0.603273667657	0.265551542035	0.131174790308	va
后悔	0.229699674021	0.484653935819	0.28564639016	va
感触颇	0.504282503289	0.123293611731	0.37242388498	other
至死	0.232774182758	0.317757698742	0.4494681185	other
请自觉	0.276313343287	0.369994949745	0.353691706968	other
棒冰	0.440962759945	0.277353105856	0.281684134199	other
五系	0.194309876032	0.757866014644	0.0478241093233	other
夏利	0.155580223698	0.202203909422	0.64221586688	other
摸索	0.428885138275	0.174073015713	0.397041846012	other
有毒食品	0.106902617373	0.24814860084	0.644948781787	other
太励	0.669664904711	0.111052184093	0.219282911196	va
拖住	0.294574953919	0.55686776286	0.148557283222	other
农历	0.206113517696	0.0657241593991	0.728162322905	other
司令	0.324430091639	0.154530624334	0.521039284026	other
配音	0.651605971308	0.207801502161	0.140592526531	other
青城山	0.291200979687	0.205109554706	0.503689465608	other
yourself	0.586223161841	0.176388236953	0.237388601206	other
猪肠	0.42583098941	0.192964249676	0.381204760914	other
悲凉	0.135693446155	0.287609071379	0.576697482466	other
校长	0.40252069538	0.301187938153	0.296291366467	other
机关	0.136249823697	0.309858586644	0.553891589658	other
猪肝	0.125761364167	0.0633703532998	0.810868282533	other
猪肚	0.234971309333	0.208181934585	0.556846756082	other
诈骗集团	0.140873896739	0.520108143168	0.339017960093	other
阿斗	0.170601029401	0.498570395995	0.330828574604	other
天花乱坠	0.126253656095	0.532988252983	0.340758090922	other
往南	0.188296264018	0.25504278542	0.556660950563	other
毕业证	0.287235197381	0.483097111587	0.229667691032	other
生财	0.32555574924	0.182682382417	0.491761868343	other
鲤	0.248226224802	0.119990186029	0.631783589169	other
安琪	0.29374321514	0.213537485695	0.492719299164	other
践	0.245078589636	0.19380156874	0.561119841624	other
猪肉	0.173509084433	0.246443047643	0.580047867924	other
几十蚊	0.213530463803	0.609827228952	0.176642307244	other
开往	0.264814128243	0.183637772347	0.55154809941	other
鸡爷	0.454461338881	0.206736513379	0.33880214774	other
财迷	0.247028873522	0.29410407852	0.458867047958	other
麻痹	0.0363636867385	0.912737358229	0.0508989550329	other
纪委	0.160576604247	0.173583812261	0.665839583492	other
拦下来	0.134104640104	0.482656445074	0.383238914822	other
爸爸	0.49044848281	0.182061419404	0.327490097786	other
艺术	0.455680518882	0.104398975594	0.439920505524	va
公开赛	0.316703201813	0.0742832283304	0.609013569857	other
映	0.31602430568	0.178839822304	0.505135872016	other
平复	0.392427388911	0.410981416121	0.196591194967	other
风情万种	0.365797469534	0.128382458722	0.505820071744	other
路店	0.364847075815	0.139137111323	0.496015812862	other
外孙	0.323746778611	0.276739061078	0.399514160311	other
小菲	0.377708020908	0.356865999832	0.265425979259	other
西藏	0.388461940496	0.0994029629878	0.512135096517	other
李玮	0.20939599658	0.391668294531	0.398935708889	other
尊贵	0.217883677321	0.0924013832872	0.689714939392	other
月饼节	0.671178459102	0.134235018833	0.194586522065	other
普通话	0.272809789369	0.467689676268	0.259500534363	other
好肚	0.143471102488	0.291152176496	0.565376721015	other
黎做	0.175851290878	0.651400296909	0.172748412213	other
套间	0.338530993466	0.204622137226	0.456846869309	other
重度	0.121341815079	0.28661897951	0.592039205412	other
后怕	0.196890854344	0.584294253921	0.218814891736	other
赏析	0.253145051136	0.160291807744	0.58656314112	other
视而不见	0.0985465438004	0.408614257394	0.492839198805	other
开心	0.803918134457	0.100619288579	0.0954625769641	va
婚恋	0.134334214412	0.0786810701029	0.786984715485	other
帅锅	0.743030453506	0.142516623026	0.114452923468	other
校门	0.302717879888	0.349699253219	0.347582866894	other
医改	0.149520447139	0.306651339815	0.543828213045	other
秀美	0.28754161139	0.0857189833877	0.626739405222	other
五米	0.196958712013	0.55913494764	0.243906340347	other
陪衬	0.339717220097	0.315794580377	0.344488199526	other
二十五	0.229968292892	0.278865474612	0.491166232496	other
红豆冰	0.397269890784	0.145840232782	0.456889876433	other
真假	0.27235210462	0.28052960228	0.4471182931	other
两百块	0.215856244557	0.540644254083	0.24349950136	other
戒酒	0.245173262944	0.334438888455	0.420387848601	other
道菜	0.377330595327	0.14593828467	0.476731120003	other
好胜	0.196393345212	0.168513512346	0.635093142442	other
睇到	0.435618158724	0.525298014057	0.0390838272195	other
斯皮尔伯格	0.436329096369	0.132915352511	0.43075555112	other
爷爷奶奶	0.522655243503	0.247300081235	0.230044675261	other
鳝鱼	0.269782728607	0.119256451474	0.61096081992	other
至此	0.199566524115	0.224739874575	0.57569360131	other
太叼	0.629054574417	0.264055917508	0.106889508076	va
磨砺	0.269392822684	0.0907234492471	0.639883728069	other
依云	0.29838138872	0.317902493869	0.38371611741	other
赛场上	0.504771399209	0.208364691372	0.286863909419	other
澳网	0.742874214376	0.0855095474118	0.171616238212	other
露露	0.493028283346	0.264048156546	0.242923560109	other
风调雨顺	0.380816265993	0.126376970979	0.492806763028	other
小艾	0.401965543248	0.161520413546	0.436514043206	other
自助者	0.444007399846	0.111889250073	0.444103350081	other
kfc	0.330380749607	0.498960330966	0.170658919427	other
口音	0.312696372352	0.458268805098	0.22903482255	other
画眼线	0.33741876055	0.173845738621	0.488735500829	other
聊着	0.441387182547	0.272700298161	0.285912519291	other
慢点	0.280616999771	0.516540335121	0.202842665108	other
狗不理	0.267292984182	0.300960468936	0.431746546882	other
第七	0.234570509668	0.101275778648	0.664153711684	other
延迟退休	0.132066392973	0.53769627555	0.330237331477	other
快高	0.873900073321	0.0549305842695	0.0711693424094	other
潜水艇	0.330406413463	0.221087981193	0.448505605344	other
service	0.269596283352	0.367322065636	0.363081651012	other
指使	0.145761098746	0.604308733602	0.249930167652	other
[闪闪灰]	0.309159735545	0.0386235643952	0.65221670006	other
战警	0.266140452842	0.150169655074	0.583689892084	other
master	0.366406277323	0.205234096543	0.428359626134	other
嘅系	0.338403108375	0.468181898787	0.193414992838	other
失望透顶	0.0902427912808	0.638291666475	0.271465542244	other
悲催	0.139716320973	0.704443907869	0.155839771158	va
楼前	0.286512646075	0.226642538833	0.486844815092	other
月之内	0.212141920284	0.368146018532	0.419712061184	other
将近	0.299022203602	0.361124974374	0.339852822024	other
炖蛋	0.470425275417	0.200952738535	0.328621986048	other
次奥	0.0557045934697	0.90007585791	0.0442195486206	other
安生	0.504183297595	0.346461854288	0.149354848116	other
我家	0.392264017906	0.498428173312	0.109307808782	other
慢热	0.292584809703	0.154278240417	0.55313694988	va
厚脸皮	0.163889913912	0.605138974465	0.230971111623	other
行街	0.54088336672	0.322980265828	0.136136367452	other
外媒	0.108723314063	0.2445026602	0.646774025737	other
磨破	0.196571277403	0.522551927509	0.280876795087	other
小船	0.407029045793	0.142703298922	0.450267655285	other
开幕	0.319550326276	0.0753630401893	0.605086633534	other
真准	0.715382107668	0.167636415146	0.116981477186	other
嗤之以鼻	0.169206552203	0.440232406652	0.390561041144	other
集美	0.300271742767	0.223003445088	0.476724812144	other
小舍	0.471245685009	0.128381902946	0.400372412045	other
太原	0.238148331439	0.17804445162	0.583807216941	va
太厚	0.189960980621	0.305951997591	0.504087021789	va
星期五	0.435788116196	0.266388838018	0.297823045785	other
供养	0.171212428289	0.19970804254	0.629079529171	other
真凶	0.138738456969	0.632522358818	0.228739184214	other
小舅	0.462306387539	0.190019708555	0.347673903906	other
横店	0.302212472053	0.191509472225	0.506278055723	other
开平	0.463294900432	0.233413205637	0.30329189393	other
十二五	0.0491728074972	0.0257102240275	0.925116968475	other
feeling	0.48651958901	0.19060144577	0.32287896522	other
咽喉	0.0908689917226	0.118795107755	0.790335900523	other
守信用	0.676780528058	0.142253248199	0.180966223743	other
眼肿	0.115131011395	0.301611876989	0.583257111616	other
细水长流	0.350099558115	0.0767981485672	0.573102293318	other
外婆	0.518503946588	0.216852500118	0.264643553294	other
路径	0.116930191335	0.0575018556395	0.825567953025	other
猪腰	0.24205121994	0.123868113222	0.634080666837	other
行驶	0.13279169387	0.244786393775	0.622421912355	other
掉落	0.164260027863	0.37571250342	0.460027468718	other
棉鞋	0.346368669635	0.219068029905	0.43456330046	other
开店	0.413254557076	0.252505123566	0.334240319358	other
刑警	0.305276710448	0.230377277111	0.464346012441	other
古天乐	0.558187054915	0.126718663923	0.315094281162	other
宝刀不老	0.52441440906	0.107992029819	0.367593561122	other
负	0.167289246159	0.340542684107	0.492168069733	other
国航	0.195503608695	0.560618338195	0.243878053109	other
小苏	0.435008522069	0.213666455612	0.35132502232	other
朝威武	0.258945543949	0.399514013563	0.341540442487	other
开庭	0.173834892967	0.306805814574	0.519359292459	other
樱	0.347637749108	0.137232067468	0.515130183424	other
答复	0.178175808183	0.462041662746	0.359782529071	other
抱住	0.324444765973	0.318564076449	0.356991157578	other
小苗	0.402182232528	0.157644843594	0.440172923878	other
交会	0.235837881408	0.126138953902	0.63802316469	other
挂机	0.205472566363	0.557392469297	0.237134964339	other
依个	0.471220393715	0.475762483148	0.0530171231375	other
正在进行	0.493956413702	0.082560879487	0.423482706811	other
猪脸	0.157764078292	0.426064920758	0.41617100095	other
坐船	0.455753678928	0.1763268961	0.367919424972	other
当时	0.301590941716	0.426106643303	0.272302414981	other
原黎	0.379375459922	0.389573169534	0.231051370543	other
当	0.25806834543	0.452984225716	0.288947428854	other
mouth	0.257914494386	0.373556605835	0.368528899779	other
icloud	0.314576276634	0.193527041677	0.491896681688	other
往死	0.158015902882	0.631250696847	0.210733400271	other
啥样	0.219071939412	0.445217360958	0.33571069963	other
小芳	0.258245614065	0.15513577396	0.586618611976	other
小花	0.595485019258	0.165672392716	0.238842588025	other
幸事	0.427334223451	0.147894029365	0.424771747184	other
督	0.241845765168	0.569662264832	0.18849197	other
夜宵	0.41642382412	0.233845419714	0.349730756166	other
幸亏	0.307593209173	0.548017771225	0.144389019602	other
猪脚	0.29542539711	0.169348812045	0.535225790845	other
坍塌	0.121973465283	0.259594248105	0.618432286612	other
六路	0.19047830338	0.359848423201	0.449673273419	other
菜谱	0.296580287304	0.134806618356	0.56861309434	other
猪脑	0.174159910455	0.529585758756	0.296254330789	other
外地人	0.0997690166753	0.791500330623	0.108730652702	other
冷暖	0.261265195109	0.0948988441433	0.643835960748	other
咖喱饭	0.494473316173	0.170465006102	0.335061677725	other
蓝色港湾	0.357059790242	0.165310244824	0.477629964934	other
狗眼	0.108988759787	0.832611787186	0.0583994530266	other
书桌	0.354503909253	0.212720978947	0.4327751118	other
十楼	0.237001991655	0.396129948482	0.366868059863	other
saying	0.344832718672	0.252943097997	0.402224183331	other
献上	0.504761832795	0.0920973266049	0.4031408406	other
椅背	0.121567605224	0.341524370665	0.53690802411	other
思思	0.515386437112	0.226386458348	0.25822710454	other
冲撞	0.217556897271	0.332228113559	0.45021498917	other
待着	0.213592529537	0.434255788601	0.352151681862	other
一气呵成	0.609659693303	0.116556394372	0.273783912325	other
上海滩	0.333776694697	0.173911675413	0.49231162989	other
货车	0.133764208906	0.49774509997	0.368490691125	other
开外	0.166637445942	0.452394653756	0.380967900302	other
机场	0.269584382907	0.399224113326	0.331191503767	other
狮子	0.141609114569	0.067785014303	0.790605871128	other
清凉	0.396844350718	0.0631146846651	0.540040964617	va
洗手间	0.228463622255	0.434749289914	0.33678708783	other
费玉清	0.219415366301	0.099802126026	0.680782507673	other
傣	0.317882857955	0.346391900158	0.335725241887	other
妮妮	0.585395644938	0.210352442534	0.204251912528	other
烤生	0.411856686354	0.13339807276	0.454745240886	other
百科	0.456187841475	0.0776935451136	0.466118613412	other
当成	0.213351333523	0.400789489865	0.385859176612	other
最新动态	0.193169852442	0.0970732622716	0.709756885286	other
公开课	0.37017352739	0.113638257653	0.516188214957	other
供应链	0.129662036298	0.0791785466891	0.791159417013	other
天上	0.266299911181	0.200818645902	0.532881442917	other
汗味	0.203875149658	0.417417751283	0.37870709906	other
rich	0.285541345551	0.123555789923	0.590902864526	other
滚水	0.0848690383606	0.212614724909	0.702516236731	other
左好多	0.62249276704	0.239702400593	0.137804832367	other
路堵	0.0805416813752	0.772987252306	0.146471066319	other
rice	0.296214092926	0.11641240455	0.587373502524	other
刀削面	0.332819566198	0.132176255561	0.535004178241	other
通完	0.380031374227	0.27441089922	0.345557726553	other
为敌	0.159118817052	0.339117391143	0.501763791805	other
胃	0.166113686295	0.301502785502	0.532383528203	other
太咸	0.128583459402	0.167116858172	0.704299682426	va
刀片	0.169316175575	0.362947616633	0.467736207792	other
海胆	0.447133457584	0.154286651608	0.398579890808	other
丽丽	0.505801387173	0.275189655632	0.219008957195	other
工业大学	0.161837582347	0.131575865715	0.706586551938	other
秘密	0.238138256559	0.135671193479	0.626190549962	other
服帖	0.324036482926	0.13578600477	0.540177512304	other
小蔡	0.425226226688	0.200867735244	0.373906038068	other
清净	0.221468059772	0.230016330934	0.548515609294	other
编辑	0.287071240248	0.230930453884	0.481998305868	other
开奖	0.640102649922	0.0799750116225	0.279922338456	other
赞扬	0.37006864635	0.0921851768238	0.537746176826	other
回学校	0.384288411512	0.390552142359	0.225159446129	other
刚睡醒	0.277935053008	0.233734903849	0.488330043142	other
天书	0.177165113344	0.369833716743	0.453001169914	other
管闲事	0.14465275228	0.521973948604	0.333373299116	other
甩葱歌	0.443208365854	0.247182391124	0.309609243022	other
户人家	0.216631971624	0.454068961647	0.32929906673	other
嫌脏	0.191082342508	0.505546807486	0.303370850006	other
酥油茶	0.384934794725	0.123552891225	0.49151231405	other
私生活	0.12782385396	0.371593644427	0.500582501613	other
校讯通	0.122098699766	0.50213180682	0.375769493415	other
太和	0.281064726698	0.259954922387	0.458980350915	va
华星	0.412241217186	0.15499228432	0.432766498494	other
通宵	0.371363877118	0.400354016765	0.228282106117	other
秀秀	0.544192204996	0.191984164922	0.263823630082	other
勇气	0.476062241628	0.136172209977	0.387765548395	other
钗	0.374756689005	0.406808909667	0.218434401329	other
运动服	0.367025135887	0.311547004479	0.321427859634	other
刷票	0.225666837634	0.512341835879	0.261991326487	other
发展中国家	0.167167323968	0.32428762403	0.508545052002	other
特色菜	0.332240074143	0.129731181685	0.538028744172	other
零时	0.0908913216793	0.0913910186278	0.817717659693	other
天亮	0.291311129577	0.267419768776	0.441269101647	other
谛	0.183050924162	0.106048304932	0.710900770907	other
困屎	0.143820255528	0.35384174867	0.502337995802	other
吃糖	0.354546954294	0.184351395099	0.461101650608	other
织围巾	0.459091406756	0.199795563729	0.341113029514	other
够格	0.486811472963	0.271242354028	0.241946173009	other
机型	0.18116385604	0.0681379777128	0.750698166247	other
备份	0.207635027502	0.409723772755	0.382641199743	other
次序	0.179943277221	0.202975020864	0.617081701915	other
贺喜	0.771622501771	0.0767760384463	0.151601459783	other
里皮	0.337117063306	0.223685989258	0.439196947436	other
杯咖啡	0.380483401502	0.300479548298	0.3190370502	other
剪切	0.439092787492	0.262140086197	0.298767126311	other
剪刀	0.24113569396	0.355579504715	0.403284801326	other
妾	0.227484603118	0.198900869164	0.573614527718	other
nature	0.325647191648	0.170266101883	0.504086706468	other
开始	0.437808034948	0.263109623477	0.299082341575	other
天价	0.122548522298	0.372224290411	0.505227187291	other
丽人	0.233546662341	0.153148126495	0.613305211164	other
呈上	0.386543515082	0.158601135104	0.454855349814	other
杀人	0.0953172255946	0.817595339297	0.0870874351086	other
感叹号	0.286236865581	0.409935919744	0.303827214675	other
挽救	0.297437968728	0.160123726996	0.542438304276	other
柯景腾	0.403115742117	0.182161320649	0.414722937233	other
消肿	0.0962050029401	0.0600417391854	0.843753257875	other
天仙	0.2204734095	0.306981474956	0.472545115545	other
早市	0.19310770563	0.384194439835	0.422697854535	other
欢送	0.394109760862	0.197616920655	0.408273318483	other
思想	0.24987891297	0.219024200201	0.531096886829	other
太君	0.269882503299	0.357785324216	0.372332172485	va
小薇	0.411823674866	0.232371360857	0.355804964277	other
吃粥	0.465951853339	0.26059894888	0.273449197781	other
原则性	0.149121846703	0.244427530823	0.606450622474	other
太后	0.368020857531	0.363684399733	0.268294742736	va
已足够	0.370333422013	0.092606563362	0.537060014625	other
排除万难	0.463973229173	0.165547931051	0.370478839776	other
兹	0.269795914633	0.273055347461	0.457148737906	other
威逼	0.278877593614	0.410441013561	0.310681392825	other
驿	0.270899007653	0.123233180755	0.605867811592	other
深深体会	0.375251079492	0.406301624955	0.218447295553	other
姑爷	0.344686319585	0.272246117658	0.383067562758	other
姑父	0.384282925627	0.129979860331	0.485737214042	other
阳光洒	0.497166192735	0.0968961496218	0.405937657644	other
响当当	0.410063759766	0.165640680135	0.424295560099	other
录播	0.2679744702	0.388193905791	0.343831624009	other
将要	0.325957434431	0.155956537855	0.518086027714	other
空翻	0.26699186782	0.141294810525	0.591713321655	other
小葵	0.390183237056	0.257695659911	0.352121103033	other
戚	0.379259989193	0.388489838881	0.232250171926	other
试妆	0.345409668794	0.14838621105	0.506204120157	other
小葱	0.226177710717	0.0735971364428	0.70022515284	other
严厉批评	0.129344461342	0.415719581737	0.454935956921	other
匹克	0.314629993687	0.19084460069	0.494525405623	other
平庸	0.214916478339	0.149725131795	0.635358389866	va
灌汤包	0.31352212919	0.126495939581	0.55998193123	other
口里	0.214620466685	0.3875413626	0.397838170715	other
筹码	0.186142844065	0.189963271803	0.623893884132	other
吃碗	0.399325814385	0.373901742829	0.226772442786	other
最高点	0.171426584958	0.0830793701128	0.74549404493	other
much	0.608002849551	0.221316757721	0.170680392728	other
后果	0.153534976431	0.566056369555	0.280408654014	other
阿拉	0.4520070224	0.407338181622	0.140654795978	other
玄彬	0.604780572034	0.17813602008	0.217083407886	other
让它	0.312859617822	0.307114907322	0.380025474856	other
为民除害	0.33343278601	0.462380576636	0.204186637354	other
逗人	0.221491330283	0.19617707228	0.582331597437	other
施暴	0.0942451605462	0.619591632564	0.28616320689	other
机器	0.22689641228	0.468348276245	0.304755311475	other
天使	0.451851486439	0.171300986167	0.376847527393	other
小萨	0.599053685476	0.139398117926	0.261548196598	other
痞子	0.30915928004	0.425789786082	0.265050933878	other
狗熊	0.207207667467	0.490675065545	0.302117266988	other
复旦大学	0.178056599368	0.10493724449	0.717006156143	other
悍匪	0.229339041844	0.383381500011	0.387279458146	other
难收	0.169740006717	0.109575278477	0.720684714806	other
医护	0.201784047204	0.35262243353	0.445593519266	other
aventador	0.354405339295	0.0449774430856	0.600617217619	other
顶肺	0.10749305474	0.675667380796	0.216839564463	other
自尊心	0.167409741213	0.29634273314	0.536247525646	other
犹太人	0.272538754403	0.072401613204	0.655059632393	other
二闹	0.198557380158	0.489356452178	0.312086167664	other
古城	0.307142848729	0.0878805378846	0.604976613386	other
冰山	0.222903886256	0.231091078875	0.546005034869	other
尽善尽美	0.337396320538	0.134590595282	0.52801308418	other
又落	0.130787969988	0.780019143646	0.0891928863666	other
天佑	0.632652955632	0.147246288794	0.220100755573	other
电击	0.162044134629	0.418975743385	0.418980121986	other
天体	0.356436199175	0.192281237245	0.451282563579	other
吃素	0.316263349654	0.277765295558	0.405971354787	other
吃紧	0.320272478335	0.356693885307	0.323033636358	other
以言	0.30674413843	0.371239087924	0.322016773646	other
战败	0.16130516031	0.30943128713	0.529263552559	other
刷碗	0.267242907746	0.220263347399	0.512493744855	other
开两会	0.173818553884	0.435892205742	0.390289240374	other
无奈	0.145692659079	0.503726470219	0.350580870701	other
刺青	0.319814100142	0.172434769478	0.50775113038	other
无愧于心	0.337488647581	0.104138815633	0.558372536786	other
冰岛	0.232055990264	0.0823036030085	0.685640406727	other
翅膀	0.360857477038	0.218565984713	0.420576538249	other
摘抄	0.247183773141	0.183778250598	0.569037976261	other
国营	0.174599168207	0.307958167557	0.517442664237	other
嶐	0.453499900519	0.105310650642	0.44118944884	other
婚期	0.290263037112	0.21651945027	0.493217512617	other
蜗	0.306714910007	0.24784167411	0.445443415884	other
取得	0.379262087544	0.0646102041539	0.556127708302	other
深渊	0.227397727908	0.304329307167	0.468272964925	other
坐错车	0.140450058654	0.633777853867	0.225772087479	other
一路向	0.518993726021	0.125538256401	0.355468017578	other
永垂不朽	0.323082174201	0.178340466048	0.498577359751	other
hong	0.376190576048	0.170469820299	0.453339603653	other
一万遍	0.0754953915414	0.788663443982	0.135841164477	other
夜已	0.236032579425	0.144134066869	0.619833353706	other
中饱私囊	0.152253825712	0.479580458619	0.368165715669	other
最炫	0.561255077583	0.257870282157	0.180874640261	other
五笔	0.36648236819	0.323200962836	0.310316668974	other
中堂	0.401936967285	0.313990897546	0.28407213517	other
卫生间	0.184852705055	0.284378951188	0.530768343757	other
阿扎	0.375051447278	0.206682354984	0.418266197738	other
亲	0.499161653342	0.275623830566	0.225214516092	other
野噶	0.20364648643	0.631882927913	0.164470585657	other
xxoo	0.273522623197	0.412015616364	0.314461760439	other
后期	0.28585853372	0.160831513975	0.553309952305	other
阜阳	0.157639664932	0.112985253132	0.729375081936	other
最烂	0.104020250079	0.792172945566	0.103806804355	other
决不放弃	0.40550900762	0.101364380426	0.493126611954	other
纵横	0.179601416098	0.109733945423	0.710664638479	other
后来	0.25602164939	0.373646312479	0.370332038131	other
错过	0.304630516311	0.39417333024	0.301196153449	other
坐落	0.163521038235	0.151526627189	0.684952334576	other
绒	0.378845746041	0.143653454262	0.477500799697	other
supper	0.368516021034	0.150052916054	0.481431062912	other
冰峰	0.356941876054	0.133030964827	0.510027159119	other
搞鬼	0.108668293348	0.669511754358	0.221819952294	other
古	0.286187880063	0.231455961155	0.482356158783	other
挑逗	0.206709726057	0.34515266655	0.448137607394	other
先例	0.201622789125	0.322394498027	0.475982712848	other
平平	0.347542575128	0.179138709803	0.473318715069	other
保管	0.242448842929	0.400622930552	0.35692822652	other
鹿	0.326654902496	0.164973311628	0.508371785876	other
幽	0.191092489412	0.0963181394285	0.712589371159	other
极	0.324684518702	0.279527531942	0.395787949355	other
夜幕	0.275100537191	0.0995358569837	0.625363605826	other
亚光	0.433054530394	0.0878876479918	0.479057821614	other
亚克	0.365613443739	0.170015187373	0.464371368888	other
悲喜	0.223074613583	0.0769322252386	0.699993161178	other
靖	0.361860925711	0.234082152454	0.404056921834	other
知识贴	0.567288606119	0.0793784137591	0.353332980121	other
死难	0.0912061788796	0.694144671513	0.214649149608	other
把钱	0.209035763145	0.468221852604	0.322742384251	other
心结	0.406335909326	0.141244366668	0.452419724006	other
阿曼	0.229798866338	0.244833074243	0.525368059419	other
长枪	0.361390882025	0.248452124999	0.390156992976	other
些	0.242754384575	0.44401703809	0.313228577335	other
密友	0.247501055369	0.116955196819	0.635543747812	other
hah	0.592493004012	0.116487734259	0.291019261729	other
hai	0.280107971891	0.336328005634	0.383564022475	other
han	0.312587733789	0.240761860261	0.44665040595	other
hao	0.395492716622	0.205031778571	0.399475504807	other
外快	0.285998034932	0.32685331043	0.387148654638	other
had	0.407587718734	0.154734367556	0.43767791371	other
精神饱满	0.421857618038	0.102260297345	0.475882084617	other
贵阳	0.294065022754	0.337485631277	0.36844934597	other
券	0.271640773046	0.214241173207	0.514118053747	other
has	0.333020874294	0.134177560996	0.53280156471	other
纸张	0.290601525439	0.270436025189	0.438962449371	other
观影	0.475391461294	0.142710634663	0.381897904044	other
保研	0.281179802538	0.253610239255	0.465209958207	other
烂好人	0.220277118799	0.368127248935	0.411595632266	other
握在	0.190580239638	0.0769827612462	0.732436999116	other
集装箱	0.148335465631	0.169277329753	0.682387204616	other
毁坏	0.170789952959	0.495262800444	0.333947246597	other
夜市	0.438322026976	0.168118536541	0.393559436484	other
艘	0.194923738826	0.165598225824	0.63947803535	other
查到	0.295974223745	0.514147057698	0.189878718557	other
真品	0.305343711133	0.146165406125	0.548490882741	other
深深	0.355241547286	0.315907347464	0.328851105251	other
办业务	0.187596568782	0.664780033225	0.147623397992	other
开学	0.383948949274	0.357200226742	0.258850823984	other
不可理喻	0.0488782350867	0.799799295844	0.151322469069	other
界线	0.171511394666	0.250825429193	0.577663176141	other
查分	0.25898941191	0.335133034706	0.405877553384	other
alice	0.454907385671	0.148477483812	0.396615130517	other
明细	0.155430017583	0.38928370743	0.455286274986	other
情面	0.108846704721	0.324583748935	0.566569546343	other
和风	0.336176856865	0.189705102883	0.474118040252	other
周记	0.334016492908	0.37400685078	0.291976656312	other
黎咖	0.174795513334	0.642045805323	0.183158681344	other
弗格森	0.325113042031	0.199008959238	0.475877998731	other
公证	0.16015448254	0.427930709438	0.411914808022	other
欣欣	0.519752611135	0.164926282111	0.315321106754	other
普遍现象	0.160633082082	0.380316075126	0.459050842791	other
肥鸡	0.285454535042	0.275289738929	0.439255726029	other
和	0.32379281285	0.213238293132	0.462968894018	other
以解	0.161404406521	0.443234076502	0.395361516977	other
真名	0.273345894279	0.345158806458	0.381495299263	other
billboard	0.454209390593	0.123933602886	0.421857006521	other
锡纸	0.137922693231	0.0737773159193	0.788299990849	other
泡芙	0.531352931164	0.166161151468	0.302485917368	other
茅塞顿开	0.493747389634	0.0829491057592	0.423303504607	other
外形	0.312863665599	0.0968302326018	0.5903061018	other
职能	0.177003435367	0.203350663972	0.619645900662	other
施救	0.269047884008	0.381463771318	0.349488344674	other
追逐	0.28523049469	0.0626732009648	0.652096304346	other
肉质	0.356710837739	0.106765969569	0.536523192692	other
谈钱	0.207689693572	0.427062701286	0.365247605143	other
风信子	0.575092484037	0.096212223489	0.328695292474	other
黑客帝国	0.262290069021	0.138060216592	0.599649714387	other
篓子	0.148430050156	0.238869112513	0.612700837332	other
二队	0.302113955473	0.204532179287	0.49335386524	other
